16651 19378
2952 21847
12587 20303
17286 17443
4273 6264
25289 8072
25289 17997
7726 14870
21824 9025
15695 21309
25648 8128
12135 24765
24614 16274
20635 18174
25439 6675
16654 19114
10791 6154
20635 5134
6907 8072
14093 22899
22887 6830
16654 21178
10113 16368
9656 18453
14020 2465
9765 8641
10113 9629
15145 882
20664 17612
9765 18370
24706 23674
21718 20303
6179 4146
15821 18102
5468 93
5608 23712
20250 9249
20879 3677
15708 385
6468 7824
12268 13740
11472 7956
17612 25289
25359 9639
11661 11733
3502 5639
6468 7264
18185 14542
6830 950
12406 18543
11591 23693
19624 4490
17612 13325
25902 1014
26141 14512
14020 122
19954 2133
17750 20184
17968 8254
21968 20303
23441 1711
15580 16414
4472 6094
13837 8823
7204 25354
17612 11661
18685 13404
1265 18193
17612 15935
19089 9629
18757 2449
9491 22018
14128 1407
22887 23293
8641 6468
18741 13989
17082 20808
12654 9207
13740 491
25553 7726
17612 3032
14709 2404
5240 21203
9591 12551
9591 21824
12553 17286
15571 15006
17546 25159
10942 23558
21220 6494
4490 5835
15477 8669
1493 914
20780 10477
25540 7265
12507 8727
18185 1858
19624 23351
23896 3048
14102 17536
